-1.768372306309081665e+01 -1.778279931624244625e+01 -1.757743007493940084e+01
-1.709584395305727611e+01 -1.697692972764643571e+01 -3.596140133322932542e+01
-1.695267087062823919e+01 -1.749608999277567278e+01 -4.225515880127930046e+01
-1.729048588199176706e+01 -1.742584862749816565e+01 -3.592325437078864780e+01
-1.567304745241069419e+01 -1.561861622524289395e+01 -1.576548775844949368e+01
-1.634251341139836811e+01 -1.610205102300963986e+01 -2.878929887233412188e+01
-1.515903397311530298e+01 -1.504597951489257248e+01 -1.704675482984845303e+01
-1.398799429797496607e+01 -1.366904375235253433e+01 -1.309866973521239153e+01
-1.662888061886823721e+01 -1.650720316145940458e+01 -1.754281033998135797e+01
-1.599837644831952943e+01 -1.611162046194222697e+01 -3.627757613146426507e+01
-1.610964225380372028e+01 -1.596639494733506837e+01 -1.738849714325010609e+01
-1.630735622470974988e+01 -1.607484435244435517e+01 -3.687771622292534346e+01
-5.397349000000000174e+00 -5.489930600000000105e+00 -5.623458599999999308e+00
-4.184402799999999978e+00 -4.752548367955558462e+00 -1.046341651286632590e+01
-3.187262240000000357e+00 -3.104200000000000514e+00 -3.743657009544191894e+00
-3.068014400000000474e+00 -3.296106800000000447e+00 -3.552439999999999820e+00
-4.882856719999999484e+00 -4.243895648000000520e+00 -1.010640000000000072e+01
-2.978095712000000006e+00 -3.547400000000000109e+00 -1.051664189329632393e+01
-2.860235647999999742e+00 -2.827615731199999871e+00 -1.053595623744715581e+01
-2.787599999999999856e+00 -2.040393279999999976e+00 -3.443988095999999999e+00
-9.000000000000000222e-01 -9.000000000000000222e-01 -1.552000000000000046e+00
-9.000000000000000222e-01 -9.000000000000000222e-01 0.000000000000000000e+00
-9.000000000000000222e-01 -9.000000000000000222e-01 -1.000000000000000000e+00
-1.709999999999999964e+00 -1.741999999999999993e+00 -1.552000000000000046e+00
-1.520000000000000018e+00 -8.000000000000000444e-01 -1.057949409926929718e+01
-8.000000000000000444e-01 -8.000000000000000444e-01 0.000000000000000000e+00
-8.000000000000000444e-01 -8.000000000000000444e-01 0.000000000000000000e+00
-8.000000000000000444e-01 -8.000000000000000444e-01 -7.000000000000000666e-01
-7.000000000000000666e-01 -7.000000000000000666e-01 0.000000000000000000e+00
-7.000000000000000666e-01 -7.000000000000000666e-01 0.000000000000000000e+00
-7.000000000000000666e-01 -7.000000000000000666e-01 0.000000000000000000e+00
-7.000000000000000666e-01 -7.000000000000000666e-01 -6.000000000000000888e-01
0.000000000000000000e+00 0.000000000000000000e+00 0.000000000000000000e+00
0.000000000000000000e+00 0.000000000000000000e+00 0.000000000000000000e+00
0.000000000000000000e+00 0.000000000000000000e+00 0.000000000000000000e+00
0.000000000000000000e+00 0.000000000000000000e+00 0.000000000000000000e+00
0.000000000000000000e+00 0.000000000000000000e+00 0.000000000000000000e+00
0.000000000000000000e+00 0.000000000000000000e+00 0.000000000000000000e+00
0.000000000000000000e+00 0.000000000000000000e+00 0.000000000000000000e+00
0.000000000000000000e+00 0.000000000000000000e+00 0.000000000000000000e+00
0.000000000000000000e+00 0.000000000000000000e+00 0.000000000000000000e+00
0.000000000000000000e+00 0.000000000000000000e+00 0.000000000000000000e+00
0.000000000000000000e+00 0.000000000000000000e+00 0.000000000000000000e+00
0.000000000000000000e+00 0.000000000000000000e+00 0.000000000000000000e+00
0.000000000000000000e+00 0.000000000000000000e+00 0.000000000000000000e+00
0.000000000000000000e+00 0.000000000000000000e+00 0.000000000000000000e+00
0.000000000000000000e+00 0.000000000000000000e+00 0.000000000000000000e+00
0.000000000000000000e+00 0.000000000000000000e+00 0.000000000000000000e+00
0.000000000000000000e+00 0.000000000000000000e+00 0.000000000000000000e+00
0.000000000000000000e+00 0.000000000000000000e+00 0.000000000000000000e+00
0.000000000000000000e+00 0.000000000000000000e+00 0.000000000000000000e+00
0.000000000000000000e+00 0.000000000000000000e+00 0.000000000000000000e+00
-1.900000000000000022e-01 -1.000000000000000056e-01 0.000000000000000000e+00
-1.000000000000000056e-01 -1.000000000000000056e-01 0.000000000000000000e+00
-1.000000000000000056e-01 -1.000000000000000056e-01 0.000000000000000000e+00
-1.000000000000000056e-01 -1.000000000000000056e-01 2.972237780968767140e+01
-1.975999999999999979e+00 -1.000000000000000000e+00 -1.709999999999999964e+00
-1.899999999999999911e+00 -1.041600000000000081e+00 -1.188057600000000047e+00
-2.709999999999999964e+00 -1.040000000000000036e+00 -1.153607367680000051e+00
-2.750000000000000000e+00 -2.778399999999999981e+00 -1.052251216608739526e+01
-1.520000000000000018e+00 -8.000000000000000444e-01 0.000000000000000000e+00
-8.000000000000000444e-01 -8.000000000000000444e-01 0.000000000000000000e+00
-8.000000000000000444e-01 -8.320000000000000728e-01 -1.037495488352299589e+01
-1.520000000000000018e+00 -1.520000000000000018e+00 -1.027246408000000066e+01
-6.000000000000000888e-01 -6.000000000000000888e-01 0.000000000000000000e+00
-6.000000000000000888e-01 -6.000000000000000888e-01 0.000000000000000000e+00
-6.000000000000000888e-01 -6.000000000000000888e-01 0.000000000000000000e+00
-6.000000000000000888e-01 -6.000000000000000888e-01 -1.067670361213736285e+01
-1.196808742456307506e+01 -1.214817683612650256e+01 -3.515102711345432596e+01
-1.147922725786265374e+01 -1.133781323301204047e+01 -1.190441189170606684e+01
-1.210466289697215814e+01 -1.246500874426835992e+01 -1.999037278963403708e+01
-1.333524450991793664e+01 -1.346887306964503672e+01 -2.333255915778115508e+01
-4.633697489943884307e+00 -4.703274467067174669e+00 -2.782829907931527202e+01
-5.108193165391498702e+00 -5.433961899112757621e+00 -5.215445178482720046e+00
-3.703268060677760154e+00 -5.366331934829243977e+00 -1.991449110281916290e+01
-4.925442140252412671e+00 -4.895854131193630110e+00 -1.120523995510585280e+01
-7.141288962239103810e+00 -7.177540245805806407e+00 -7.615847534006603325e+01
-6.787333861594941453e+00 -6.785660205966832947e+00 -1.593322403149974598e+01
-6.627069586528541834e+00 -6.438610406437118350e+00 -6.662980993307402855e+01
-6.698598695362851352e+00 -6.664979179057583636e+00 -7.095104077730674419e+00
-1.814798454399999983e+00 -1.697016000000000080e+00 -2.756518040039062356e+01
-1.470840640000000032e+00 -1.129600000000000160e+00 -1.694505836542622879e+00
-1.454376000000000113e+00 -1.154360800000000076e+00 -1.982748682482204217e+01
-1.997738432000000453e+00 -2.655502177728000124e+00 -1.966726839800000182e+00
-6.120360000000000245e-01 -3.000000000000000444e-01 -3.800000000000000044e-01
-3.000000000000000444e-01 -5.937120000000000175e-01 -4.160000000000000364e-01
-8.250000000000000666e-01 -8.563199999999999701e-01 -1.947830348493433306e+01
-1.468917000000000250e+00 -1.050899999999999945e+00 -3.537936533466310607e+01
-2.000000000000000111e-01 -2.000000000000000111e-01 -1.000000000000000056e-01
-2.000000000000000111e-01 -2.000000000000000111e-01 0.000000000000000000e+00
-2.000000000000000111e-01 -2.000000000000000111e-01 0.000000000000000000e+00
-2.000000000000000111e-01 0.000000000000000000e+00 -1.006998275968000200e+01
-1.000000000000000056e-01 -1.000000000000000056e-01 -1.000000000000000056e-01
-1.000000000000000056e-01 -1.000000000000000056e-01 0.000000000000000000e+00
-1.000000000000000056e-01 -1.000000000000000056e-01 0.000000000000000000e+00
-1.000000000000000056e-01 -1.000000000000000056e-01 0.000000000000000000e+00
